39606 0 4349939000 2024 4 15 17 38 5 2024 4 15 17 45 55 470.0
39606 1 23520543 2024 4 15 17 38 5 2024 4 15 17 45 55 470.0
39606 2 2647816 2024 4 15 17 38 5 2024 4 15 17 45 55 470.0
39606 3 538888 2024 4 15 17 38 5 2024 4 15 17 45 55 470.0
39606 8 303775 2024 4 15 17 38 5 2024 4 15 17 45 55 470.0
39606 9 33661 2024 4 15 17 38 5 2024 4 15 17 45 55 470.0
39606 10 5788 2024 4 15 17 38 5 2024 4 15 17 45 55 470.0
39606 11 1649 2024 4 15 17 38 5 2024 4 15 17 45 55 470.0
39607 0 748823131 2024 4 15 18 1 38 2024 4 15 18 3 9 91.0
39607 1 4058324 2024 4 15 18 1 38 2024 4 15 18 3 9 91.0
39607 2 456507 2024 4 15 18 1 38 2024 4 15 18 3 9 91.0
39607 3 92269 2024 4 15 18 1 38 2024 4 15 18 3 9 91.0
39607 8 52227 2024 4 15 18 1 38 2024 4 15 18 3 9 91.0
39607 9 5820 2024 4 15 18 1 38 2024 4 15 18 3 9 91.0
39607 10 996 2024 4 15 18 1 38 2024 4 15 18 3 9 91.0
39607 11 279 2024 4 15 18 1 38 2024 4 15 18 3 9 91.0
39610 0 17831491258 2024 4 15 18 29 8 2024 4 15 19 0 55 1907.0
39610 1 96619507 2024 4 15 18 29 8 2024 4 15 19 0 55 1907.0
39610 2 2915802 2024 4 15 18 29 8 2024 4 15 19 0 55 1907.0
39610 3 128386 2024 4 15 18 29 8 2024 4 15 19 0 55 1907.0
39610 8 17831491258 2024 4 15 18 29 8 2024 4 15 19 0 55 1907.0
39610 9 17831491258 2024 4 15 18 29 8 2024 4 15 19 0 55 1907.0
39610 10 17831491258 2024 4 15 18 29 8 2024 4 15 19 0 55 1907.0
39610 11 507 2024 4 15 18 29 8 2024 4 15 19 0 55 1907.0
39611 0 997195989 2024 4 15 19 5 44 2024 4 15 19 7 41 117.0
39611 1 5392954 2024 4 15 19 5 44 2024 4 15 19 7 41 117.0
39611 2 162551 2024 4 15 19 5 44 2024 4 15 19 7 41 117.0
39611 3 7177 2024 4 15 19 5 44 2024 4 15 19 7 41 117.0
39611 8 997195989 2024 4 15 19 5 44 2024 4 15 19 7 41 117.0
39611 9 997195989 2024 4 15 19 5 44 2024 4 15 19 7 41 117.0
39611 10 997195989 2024 4 15 19 5 44 2024 4 15 19 7 41 117.0
39611 11 30 2024 4 15 19 5 44 2024 4 15 19 7 41 117.0
39614 0 85127551 2024 4 15 21 2 51 2024 4 15 21 3 9 18.0
39614 1 458127 2024 4 15 21 2 51 2024 4 15 21 3 9 18.0
39614 2 14054 2024 4 15 21 2 51 2024 4 15 21 3 9 18.0
39614 3 651 2024 4 15 21 2 51 2024 4 15 21 3 9 18.0
39619 0 7391519538 2024 4 15 22 10 18 2024 4 15 22 23 37 799.0
39619 1 39920550 2024 4 15 22 10 18 2024 4 15 22 23 37 799.0
39619 2 1430424 2024 4 15 22 10 18 2024 4 15 22 23 37 799.0
39619 3 207885 2024 4 15 22 10 18 2024 4 15 22 23 37 799.0
39620 0 2430667981 2024 4 15 22 42 28 2024 4 15 22 46 58 270.0
39620 1 13144369 2024 4 15 22 42 28 2024 4 15 22 46 58 270.0
39620 2 464274 2024 4 15 22 42 28 2024 4 15 22 46 58 270.0
39620 3 67579 2024 4 15 22 42 28 2024 4 15 22 46 58 270.0
39621 0 594470236 2024 4 15 22 48 34 2024 4 15 22 49 49 75.0
39621 1 3216046 2024 4 15 22 48 34 2024 4 15 22 49 49 75.0
39621 2 114850 2024 4 15 22 48 34 2024 4 15 22 49 49 75.0
39621 3 16625 2024 4 15 22 48 34 2024 4 15 22 49 49 75.0
39622 0 1923644763 2024 4 15 22 54 38 2024 4 15 22 58 15 217.0
39622 1 10382926 2024 4 15 22 54 38 2024 4 15 22 58 15 217.0
39622 2 369827 2024 4 15 22 54 38 2024 4 15 22 58 15 217.0
39622 3 54139 2024 4 15 22 54 38 2024 4 15 22 58 15 217.0
39623 0 635167623 2024 4 15 23 8 42 2024 4 15 23 10 1 79.0
39623 1 3428158 2024 4 15 23 8 42 2024 4 15 23 10 1 79.0
39623 2 122325 2024 4 15 23 8 42 2024 4 15 23 10 1 79.0
39623 3 17798 2024 4 15 23 8 42 2024 4 15 23 10 1 79.0
39624 0 34037554704 2024 4 15 23 26 27 2024 4 16 0 27 5 3638.0
39624 1 184447273 2024 4 15 23 26 27 2024 4 16 0 27 5 3638.0
39624 2 5535938 2024 4 15 23 26 27 2024 4 16 0 27 5 3638.0
39624 3 245268 2024 4 15 23 26 27 2024 4 16 0 27 5 3638.0
39625 0 3676889207 2024 4 16 0 27 53 2024 4 16 0 34 36 403.0
39625 1 19916784 2024 4 16 0 27 53 2024 4 16 0 34 36 403.0
39625 2 597853 2024 4 16 0 27 53 2024 4 16 0 34 36 403.0
39625 3 26103 2024 4 16 0 27 53 2024 4 16 0 34 36 403.0
39626 0 35845731646 2024 4 16 0 38 24 2024 4 16 1 42 15 3831.0
39626 1 194862239 2024 4 16 0 38 24 2024 4 16 1 42 15 3831.0
39626 2 5831524 2024 4 16 0 38 24 2024 4 16 1 42 15 3831.0
39626 3 257049 2024 4 16 0 38 24 2024 4 16 1 42 15 3831.0
39627 0 34911703175 2024 4 16 1 43 16 2024 4 16 2 45 28 3732.0
39627 1 190236861 2024 4 16 1 43 16 2024 4 16 2 45 28 3732.0
39627 2 5675914 2024 4 16 1 43 16 2024 4 16 2 45 28 3732.0
39627 3 251067 2024 4 16 1 43 16 2024 4 16 2 45 28 3732.0
39628 0 34118389883 2024 4 16 2 46 26 2024 4 16 3 47 13 3647.0
39628 1 185903196 2024 4 16 2 46 26 2024 4 16 3 47 13 3647.0
39628 2 5545111 2024 4 16 2 46 26 2024 4 16 3 47 13 3647.0
39628 3 245671 2024 4 16 2 46 26 2024 4 16 3 47 13 3647.0
39629 0 34258087794 2024 4 16 3 48 23 2024 4 16 4 49 25 3662.0
39629 1 186530075 2024 4 16 3 48 23 2024 4 16 4 49 25 3662.0
39629 2 5564620 2024 4 16 3 48 23 2024 4 16 4 49 25 3662.0
39629 3 245787 2024 4 16 3 48 23 2024 4 16 4 49 25 3662.0
39630 0 33832008989 2024 4 16 4 50 23 2024 4 16 5 50 40 3617.0
39630 1 183575557 2024 4 16 4 50 23 2024 4 16 5 50 40 3617.0
39630 2 5497195 2024 4 16 4 50 23 2024 4 16 5 50 40 3617.0
39630 3 242328 2024 4 16 4 50 23 2024 4 16 5 50 40 3617.0
39631 0 34031959531 2024 4 16 5 51 35 2024 4 16 6 52 9 3634.0
39631 1 184441670 2024 4 16 5 51 35 2024 4 16 6 52 9 3634.0
39631 2 5529350 2024 4 16 5 51 35 2024 4 16 6 52 9 3634.0
39631 3 243533 2024 4 16 5 51 35 2024 4 16 6 52 9 3634.0
39632 0 33813639032 2024 4 16 6 53 1 2024 4 16 7 53 11 3610.0
39632 1 183578834 2024 4 16 6 53 1 2024 4 16 7 53 11 3610.0
39632 2 5485310 2024 4 16 6 53 1 2024 4 16 7 53 11 3610.0
39632 3 242271 2024 4 16 6 53 1 2024 4 16 7 53 11 3610.0
39633 0 33000785893 2024 4 16 7 54 5 2024 4 16 8 52 54 3529.0
39633 1 179117670 2024 4 16 7 54 5 2024 4 16 8 52 54 3529.0
39633 2 5352424 2024 4 16 7 54 5 2024 4 16 8 52 54 3529.0
39633 3 236566 2024 4 16 7 54 5 2024 4 16 8 52 54 3529.0
39634 0 6546055760 2024 4 16 8 53 37 2024 4 16 9 5 26 709.0
39634 1 35472527 2024 4 16 8 53 37 2024 4 16 9 5 26 709.0
39634 2 1059324 2024 4 16 8 53 37 2024 4 16 9 5 26 709.0
39634 3 46918 2024 4 16 8 53 37 2024 4 16 9 5 26 709.0
39635 0 413590274 2024 4 16 9 18 3 2024 4 16 9 36 27 1104.0
39635 1 2248123 2024 4 16 9 18 3 2024 4 16 9 36 27 1104.0
39635 2 67370 2024 4 16 9 18 3 2024 4 16 9 36 27 1104.0
39635 3 2969 2024 4 16 9 18 3 2024 4 16 9 36 27 1104.0
39636 0 8457006583 2024 4 16 9 37 59 2024 4 16 10 19 57 2518.0
39636 1 45801500 2024 4 16 9 37 59 2024 4 16 10 19 57 2518.0
39636 2 1367608 2024 4 16 9 37 59 2024 4 16 10 19 57 2518.0
39636 3 60281 2024 4 16 9 37 59 2024 4 16 10 19 57 2518.0
39859 0 1427632922 2024 4 18 0 36 29 2024 4 18 0 39 12 163.0
39859 1 7667087 2024 4 18 0 36 29 2024 4 18 0 39 12 163.0
39860 0 710980764 2024 4 18 0 43 40 2024 4 18 0 45 5 85.0
39860 1 3812477 2024 4 18 0 43 40 2024 4 18 0 45 5 85.0
39861 0 750283122 2024 4 18 0 46 27 2024 4 18 0 47 56 89.0
39861 1 4032084 2024 4 18 0 46 27 2024 4 18 0 47 56 89.0
39862 0 402877779 2024 4 18 0 52 56 2024 4 18 0 53 50 54.0
39862 1 2165215 2024 4 18 0 52 56 2024 4 18 0 53 50 54.0
39863 0 372228469 2024 4 18 0 54 42 2024 4 18 0 55 26 44.0
39863 1 1997161 2024 4 18 0 54 42 2024 4 18 0 55 26 44.0
39864 0 309851235 2024 4 18 0 57 56 2024 4 18 0 58 39 43.0
39864 1 1658953 2024 4 18 0 57 56 2024 4 18 0 58 39 43.0
39865 0 475756432 2024 4 18 1 1 13 2024 4 18 1 2 14 61.0
39865 1 2554091 2024 4 18 1 1 13 2024 4 18 1 2 14 61.0
39866 0 397592473 2024 4 18 1 4 4 2024 4 18 1 4 53 49.0
39866 1 2134431 2024 4 18 1 4 4 2024 4 18 1 4 53 49.0
39867 0 187793264 2024 4 18 1 6 45 2024 4 18 1 7 27 42.0
39867 1 1006821 2024 4 18 1 6 45 2024 4 18 1 7 27 42.0
39868 0 250919416 2024 4 18 1 9 51 2024 4 18 1 10 26 35.0
39868 1 1349917 2024 4 18 1 9 51 2024 4 18 1 10 26 35.0
39869 0 1779870857 2024 4 18 1 11 19 2024 4 18 1 14 37 198.0
39869 1 9567012 2024 4 18 1 11 19 2024 4 18 1 14 37 198.0
39870 0 353294069 2024 4 18 1 29 25 2024 4 18 1 30 13 48.0
39870 1 1910317 2024 4 18 1 29 25 2024 4 18 1 30 13 48.0
39871 0 581859536 2024 4 18 1 31 31 2024 4 18 1 32 42 71.0
39871 1 3131979 2024 4 18 1 31 31 2024 4 18 1 32 42 71.0
39872 0 195848456 2024 4 18 1 33 9 2024 4 18 1 33 39 30.0
39872 1 1056086 2024 4 18 1 33 9 2024 4 18 1 33 39 30.0
39877 0 1514829470 2024 4 18 3 43 58 2024 4 18 3 46 52 174.0
39877 1 8143075 2024 4 18 3 43 58 2024 4 18 3 46 52 174.0
39878 0 201991069 2024 4 18 3 48 5 2024 4 18 3 48 38 33.0
39878 1 1085575 2024 4 18 3 48 5 2024 4 18 3 48 38 33.0
39880 0 10030804665 2024 4 18 6 43 33 2024 4 18 7 1 22 1069.0
39880 1 53984039 2024 4 18 6 43 33 2024 4 18 7 1 22 1069.0
39880 3 558063 2024 4 18 6 43 33 2024 4 18 7 1 22 1069.0
39881 0 8623284248 2024 4 18 7 6 22 2024 4 18 8 26 17 4795.0
39881 1 46370120 2024 4 18 7 6 22 2024 4 18 8 26 17 4795.0
39881 3 479327 2024 4 18 7 6 22 2024 4 18 8 26 17 4795.0
39885 0 514526985 2024 4 18 10 44 41 2024 4 18 10 57 18 757.0
39885 2 83287 2024 4 18 10 44 41 2024 4 18 10 57 18 757.0
39885 3 3584 2024 4 18 10 44 41 2024 4 18 10 57 18 757.0
39972 0 7782254943 2024 4 19 1 0 55 2024 4 19 1 14 44 829.0
39972 1 42247346 2024 4 19 1 0 55 2024 4 19 1 14 44 829.0
39972 3 148885 2024 4 19 1 0 55 2024 4 19 1 14 44 829.0
39973 0 299586932 2024 4 19 1 18 19 2024 4 19 1 18 51 32.0
39973 1 1622618 2024 4 19 1 18 19 2024 4 19 1 18 51 32.0
39973 3 5253 2024 4 19 1 18 19 2024 4 19 1 18 51 32.0
39975 0 530205028 2024 4 19 1 33 2 2024 4 19 1 33 58 56.0
39975 1 2877930 2024 4 19 1 33 2 2024 4 19 1 33 58 56.0
39975 3 9643 2024 4 19 1 33 2 2024 4 19 1 33 58 56.0
39977 0 31884621581 2024 4 19 1 41 15 2024 4 19 2 37 53 3398.0
39977 1 172811205 2024 4 19 1 41 15 2024 4 19 2 37 53 3398.0
39977 3 606410 2024 4 19 1 41 15 2024 4 19 2 37 53 3398.0
39978 0 32830897255 2024 4 19 2 54 3 2024 4 19 3 52 7 3484.0
39978 1 178202010 2024 4 19 2 54 3 2024 4 19 3 52 7 3484.0
39978 3 233246 2024 4 19 2 54 3 2024 4 19 3 52 7 3484.0
39979 0 33824391935 2024 4 19 3 53 2 2024 4 19 4 53 7 3605.0
39979 1 183673610 2024 4 19 3 53 2 2024 4 19 4 53 7 3605.0
39979 3 242197 2024 4 19 3 53 2 2024 4 19 4 53 7 3605.0
39980 0 32899400264 2024 4 19 4 54 35 2024 4 19 5 52 46 3491.0
39980 1 178898634 2024 4 19 4 54 35 2024 4 19 5 52 46 3491.0
39980 3 233880 2024 4 19 4 54 35 2024 4 19 5 52 46 3491.0
39981 0 35373640612 2024 4 19 5 53 39 2024 4 19 6 56 29 3770.0
39981 1 192387113 2024 4 19 5 53 39 2024 4 19 6 56 29 3770.0
39981 3 252120 2024 4 19 5 53 39 2024 4 19 6 56 29 3770.0
39982 0 28497529038 2024 4 19 6 57 11 2024 4 19 7 47 49 3038.0
39982 1 154830580 2024 4 19 6 57 11 2024 4 19 7 47 49 3038.0
39982 3 203537 2024 4 19 6 57 11 2024 4 19 7 47 49 3038.0
39983 0 1333434590 2024 4 19 7 48 48 2024 4 19 8 17 4 1696.0
39983 1 7234201 2024 4 19 7 48 48 2024 4 19 8 17 4 1696.0
39983 3 9303 2024 4 19 7 48 48 2024 4 19 8 17 4 1696.0
39987 0 7960743513 2024 4 19 9 0 36 2024 4 19 9 14 45 849.0
39987 1 43236010 2024 4 19 9 0 36 2024 4 19 9 14 45 849.0
39987 3 56820 2024 4 19 9 0 36 2024 4 19 9 14 45 849.0
39988 0 711858672 2024 4 19 9 34 29 2024 4 19 9 35 45 76.0
39988 1 3872005 2024 4 19 9 34 29 2024 4 19 9 35 45 76.0
39988 3 4806 2024 4 19 9 34 29 2024 4 19 9 35 45 76.0
39989 0 985410486 2024 4 19 9 36 18 2024 4 19 9 38 3 105.0
39989 1 5341585 2024 4 19 9 36 18 2024 4 19 9 38 3 105.0
39989 3 6746 2024 4 19 9 36 18 2024 4 19 9 38 3 105.0
